{
 "cells": [
  {
   "cell_type": "code",
   "execution_count": 12,
   "id": "d1e4ff26",
   "metadata": {},
   "outputs": [],
   "source": [
    "import math\n",
    "\n",
    "\n",
    "def haversine_distance(lat1, lon1, lat2, lon2):\n",
    "    # Radius of the Earth in kilometers\n",
    "    R = 6371.0\n",
    "    # Convert coordinates from degrees to radians\n",
    "    phi1 = math.radians(lat1)\n",
    "    phi2 = math.radians(lat2)\n",
    "    delta_phi = math.radians(lat2 - lat1)\n",
    "    delta_lambda = math.radians(lon2 - lon1)\n",
    "    # Haversine formula\n",
    "    a = math.sin(delta_phi / 2.0) ** 2 + \\\n",
    "        math.cos(phi1) * math.cos(phi2) * \\\n",
    "        math.sin(delta_lambda / 2.0) ** 2\n",
    "    c = 2 * math.atan2(math.sqrt(a), math.sqrt(1 - a))\n",
    "    # Distance in kilometers\n",
    "    distance = R * c\n",
    "    return distance\n",
    "\n"
   ]
  },
  {
   "cell_type": "code",
   "execution_count": 13,
   "id": "32646bca",
   "metadata": {},
   "outputs": [
    {
     "data": {
      "text/plain": [
       "array([[ 0.        , 14.15429936, 14.43344642,  4.3046479 , 17.85256983,\n",
       "         4.33763041, 18.78239696, 22.28004558,  5.2503509 , 15.50631521,\n",
       "         7.65889875, 13.4113492 ,  4.27491027,  4.53620003,  5.83849645,\n",
       "        23.26828637, 25.85987774, 27.61954921, 24.08299027,  2.10048522,\n",
       "         8.02321571],\n",
       "       [14.15429936,  0.        ,  0.50972697, 10.31640869,  3.73458301,\n",
       "        15.8295161 ,  4.72808903,  8.12612603,  9.97432344,  3.0793928 ,\n",
       "         8.87476373,  1.72320242, 12.07713169, 14.12662097, 17.02096619,\n",
       "         9.19326052, 11.70857292, 13.47750855, 10.02592793, 12.46177045,\n",
       "        19.91625318],\n",
       "       [14.43344642,  0.50972697,  0.        , 10.66164498,  3.56333894,\n",
       "        15.98585374,  4.58993537,  7.85982428, 10.35708897,  3.41111606,\n",
       "         9.32389107,  1.54261132, 12.2267469 , 14.25754533, 17.14700338,\n",
       "         9.00900837, 11.45754657, 13.18611181,  9.68695623, 12.70113183,\n",
       "        20.03883569],\n",
       "       [ 4.3046479 , 10.31640869, 10.66164498,  0.        , 13.91252534,\n",
       "         7.75071678, 14.78725755, 18.39184588,  1.13451484, 11.3301033 ,\n",
       "         3.53327084,  9.87635882,  5.26488479,  6.92485797,  9.2944777 ,\n",
       "        19.2452182 , 21.92389195, 23.76357907, 20.34125811,  3.59585805,\n",
       "        11.89943134],\n",
       "       [17.85256983,  3.73458301,  3.56333894, 13.91252534,  0.        ,\n",
       "        19.54541055,  1.0500702 ,  4.48889575, 13.46495708,  3.476519  ,\n",
       "        12.04957812,  4.97902412, 15.78766341, 17.82088259, 20.71014015,\n",
       "         5.45912032,  8.01753682,  9.86273266,  6.62131698, 16.19062354,\n",
       "        23.60152271],\n",
       "       [ 4.33763041, 15.8295161 , 15.98585374,  7.75071678, 19.54541055,\n",
       "         0.        , 20.55593203, 23.74525419,  8.86657675, 17.81167574,\n",
       "        11.28291614, 14.68273552,  3.76123501,  1.88511689,  1.55697616,\n",
       "        24.99406302, 27.34846058, 28.9170533 , 25.23640769,  4.16254648,\n",
       "         4.25128397],\n",
       "       [18.78239696,  4.72808903,  4.58993537, 14.78725755,  1.0500702 ,\n",
       "        20.55593203,  0.        ,  3.732813  , 14.29485213,  3.93386487,\n",
       "        12.77499847,  6.02516134, 16.80114717, 18.8420973 , 21.7336082 ,\n",
       "         4.48831946,  7.14812156,  9.06345809,  6.02516134, 17.15430268,\n",
       "        24.62663282],\n",
       "       [22.28004558,  8.12612603,  7.85982428, 18.39184588,  4.48889575,\n",
       "        23.74525419,  3.732813  ,  0.        , 17.95385094,  7.64902638,\n",
       "        16.49805981,  9.06459951, 19.98673637, 21.96528617, 24.82780391,\n",
       "         1.89090184,  3.60657695,  5.37438213,  2.44077245, 20.56036053,\n",
       "        27.69781452],\n",
       "       [ 5.2503509 ,  9.97432344, 10.35708897,  1.13451484, 13.46495708,\n",
       "         8.86657675, 14.29485213, 17.95385094,  0.        , 10.7020605 ,\n",
       "         2.44017888,  9.72165515,  6.37004257,  8.05868902, 10.41431831,\n",
       "        18.71279468, 21.4429699 , 23.32724031, 19.98172529,  4.72113007,\n",
       "        12.99030954],\n",
       "       [15.50631521,  3.0793928 ,  3.41111606, 11.3301033 ,  3.476519  ,\n",
       "        17.81167574,  3.93386487,  7.64902638, 10.7020605 ,  0.        ,\n",
       "         8.97462095,  4.7913739 , 14.1455266 , 16.2426556 , 19.12504257,\n",
       "         8.09272409, 10.91755765, 12.90935603,  9.95700861, 14.08335551,\n",
       "        22.01134088],\n",
       "       [ 7.65889875,  8.87476373,  9.32389107,  3.53327084, 12.04957812,\n",
       "        11.28291614, 12.77499847, 16.49805981,  2.44017888,  8.97462095,\n",
       "         0.        ,  9.03847298,  8.5606215 , 10.37826191, 12.82407605,\n",
       "        17.06700585, 19.87651049, 21.83511033, 18.66295188,  7.12376117,\n",
       "        15.42659305],\n",
       "       [13.4113492 ,  1.72320242,  1.54261132,  9.87635882,  4.97902412,\n",
       "        14.68273552,  6.02516134,  9.06459951,  9.72165515,  4.7913739 ,\n",
       "         9.03847298,  0.        , 10.9230145 , 12.91563716, 15.79144978,\n",
       "        10.35205003, 12.67004969, 14.29948359, 10.69283562, 11.58390513,\n",
       "        18.67403419],\n",
       "       [ 4.27491027, 12.07713169, 12.2267469 ,  5.26488479, 15.78766341,\n",
       "         3.76123501, 16.80114717, 19.98673637,  6.37004257, 14.1455266 ,\n",
       "         8.5606215 , 10.9230145 ,  0.        ,  2.10107605,  4.98110108,\n",
       "        21.23404183, 23.59088861, 25.17356896, 21.50375851,  2.39581651,\n",
       "         7.87340728],\n",
       "       [ 4.53620003, 14.12662097, 14.25754533,  6.92485797, 17.82088259,\n",
       "         1.88511689, 18.8420973 , 21.96528617,  8.05868902, 16.2426556 ,\n",
       "        10.37826191, 12.91563716,  2.10107605,  0.        ,  2.89637596,\n",
       "        23.25434085, 25.56347795, 27.10300919, 23.41121105,  3.45285331,\n",
       "         5.79307311],\n",
       "       [ 5.83849645, 17.02096619, 17.14700338,  9.2944777 , 20.71014015,\n",
       "         1.55697616, 21.7336082 , 24.82780391, 10.41431831, 19.12504257,\n",
       "        12.82407605, 15.79144978,  4.98110108,  2.89637596,  0.        ,\n",
       "        26.13743775, 28.42091619, 29.9319122 , 26.22763126,  5.70031579,\n",
       "         2.89669725],\n",
       "       [23.26828637,  9.19326052,  9.00900837, 19.2452182 ,  5.45912032,\n",
       "        24.99406302,  4.48831946,  1.89090184, 18.71279468,  8.09272409,\n",
       "        17.06700585, 10.35205003, 21.23404183, 23.25434085, 26.13743775,\n",
       "         0.        ,  2.89444679,  4.9785046 ,  3.45276343, 21.6401442 ,\n",
       "        29.0235836 ],\n",
       "       [25.85987774, 11.70857292, 11.45754657, 21.92389195,  8.01753682,\n",
       "        27.34846058,  7.14812156,  3.60657695, 21.4429699 , 10.91755765,\n",
       "        19.87651049, 12.67004969, 23.59088861, 25.56347795, 28.42091619,\n",
       "         2.89444679,  0.        ,  2.10028819,  2.8497224 , 24.1583171 ,\n",
       "        31.2859807 ],\n",
       "       [27.61954921, 13.47750855, 13.18611181, 23.76357907,  9.86273266,\n",
       "        28.9170533 ,  9.06345809,  5.37438213, 23.32724031, 12.90935603,\n",
       "        21.83511033, 14.29948359, 25.17356896, 27.10300919, 29.9319122 ,\n",
       "         4.9785046 ,  2.10028819,  0.        ,  3.73347813, 25.86324205,\n",
       "        32.773114  ],\n",
       "       [24.08299027, 10.02592793,  9.68695623, 20.34125811,  6.62131698,\n",
       "        25.23640769,  6.02516134,  2.44077245, 19.98172529,  9.95700861,\n",
       "        18.66295188, 10.69283562, 21.50375851, 23.41121105, 26.22763126,\n",
       "         3.45276343,  2.8497224 ,  3.73347813,  0.        , 22.27673602,\n",
       "        29.06029557],\n",
       "       [ 2.10048522, 12.46177045, 12.70113183,  3.59585805, 16.19062354,\n",
       "         4.16254648, 17.15430268, 20.56036053,  4.72113007, 14.08335551,\n",
       "         7.12376117, 11.58390513,  2.39581651,  3.45285331,  5.70031579,\n",
       "        21.6401442 , 24.1583171 , 25.86324205, 22.27673602,  0.        ,\n",
       "         8.35717455],\n",
       "       [ 8.02321571, 19.91625318, 20.03883569, 11.89943134, 23.60152271,\n",
       "         4.25128397, 24.62663282, 27.69781452, 12.99030954, 22.01134088,\n",
       "        15.42659305, 18.67403419,  7.87340728,  5.79307311,  2.89669725,\n",
       "        29.0235836 , 31.2859807 , 32.773114  , 29.06029557,  8.35717455,\n",
       "         0.        ]])"
      ]
     },
     "execution_count": 13,
     "metadata": {},
     "output_type": "execute_result"
    }
   ],
   "source": [
    "import numpy as np\n",
    "\n",
    "# Data points from user example\n",
    "data_points = [\n",
    "    {'name': 'Point A', 'Longitude': 3.0588, 'Latitude': 36.7538},\n",
    "    {'name': 'Point B', 'Longitude': 3.062, 'Latitude': 36.75},\n",
    "    {'name': 'Point C', 'Longitude': 2.944, 'Latitude': 36.766},\n",
    "    {'name': 'Point D', 'Longitude': 3.1, 'Latitude': 36.76},\n",
    "    {'name': 'Point E', 'Longitude': 2.889, 'Latitude': 36.712},\n",
    "    {'name': 'Point F', 'Longitude': 3.11, 'Latitude': 36.765},\n",
    "    {'name': 'Point G', 'Longitude': 3.15, 'Latitude': 36.755},\n",
    "    {'name': 'Point H', 'Longitude': 2.95, 'Latitude': 36.775},\n",
    "    {'name': 'Point I', 'Longitude': 3.07, 'Latitude': 36.78},\n",
    "    {'name': 'Point J', 'Longitude': 2.97, 'Latitude': 36.79},\n",
    "    {'name': 'Point K', 'Longitude': 3.05, 'Latitude': 36.74},\n",
    "    {'name': 'Point L', 'Longitude': 2.93, 'Latitude': 36.72},\n",
    "    {'name': 'Point M', 'Longitude': 2.91, 'Latitude': 36.71},\n",
    "    {'name': 'Point N', 'Longitude': 2.88, 'Latitude': 36.70},\n",
    "    {'name': 'Point O', 'Longitude': 3.16, 'Latitude': 36.77},\n",
    "    {'name': 'Point P', 'Longitude': 3.19, 'Latitude': 36.76},\n",
    "    {'name': 'Point Q', 'Longitude': 3.21, 'Latitude': 36.75},\n",
    "    {'name': 'Point R', 'Longitude': 3.17, 'Latitude': 36.74},\n",
    "    {'name': 'Point S', 'Longitude': 2.92, 'Latitude': 36.74},\n",
    "    {'name': 'Point T', 'Longitude': 2.85, 'Latitude': 36.69}\n",
    "]\n",
    "\n",
    "start_point = {'name': 'Start', 'Longitude': 2.9, 'Latitude': 36.75}\n",
    "all_points = [start_point] + data_points\n",
    "\n",
    "# Build distance (and time) matrix in minutes at 60 km/h\n",
    "n = len(all_points)\n",
    "dist_matrix = np.zeros((n, n))\n",
    "\n",
    "for i in range(n):\n",
    "    for j in range(n):\n",
    "        if i != j:\n",
    "            d = haversine_distance(all_points[i]['Latitude'], all_points[i]['Longitude'],\n",
    "                          all_points[j]['Latitude'], all_points[j]['Longitude'])\n",
    "            dist_matrix[i, j] = (d / 60) * 60  # minutes\n",
    "\n",
    "dist_matrix\n"
   ]
  },
  {
   "cell_type": "code",
   "execution_count": 14,
   "id": "2ce7378f",
   "metadata": {},
   "outputs": [
    {
     "ename": "KeyboardInterrupt",
     "evalue": "",
     "output_type": "error",
     "traceback": [
      "\u001b[1;31m---------------------------------------------------------------------------\u001b[0m",
      "\u001b[1;31mKeyboardInterrupt\u001b[0m                         Traceback (most recent call last)",
      "Cell \u001b[1;32mIn[14]\u001b[0m\n\u001b[0;32m      0\u001b[0m <Error retrieving source code with stack_data see ipython/ipython#13598>\n",
      "\u001b[1;31mKeyboardInterrupt\u001b[0m: "
     ]
    }
   ],
   "source": [
    "from itertools import permutations\n",
    "\n",
    "# Set time limit\n",
    "time_limit = 120  # minutes\n",
    "start_index = 0  # Start point is at index 0\n",
    "\n",
    "# Store best path\n",
    "best_path = []\n",
    "best_visited_count = 0\n",
    "\n",
    "# Precompute all distances from start to other nodes (excluding itself)\n",
    "indices = list(range(1, n))  # Exclude start point\n",
    "\n",
    "# Try all permutations, and track the longest valid one under the time limit\n",
    "for r in range(n-1, 0, -1):  # Try to visit as many as possible\n",
    "    for perm in permutations(indices, r):\n",
    "        current_time = 0\n",
    "        current_pos = start_index\n",
    "        valid_path = True\n",
    "        for next_pos in perm:\n",
    "            travel_time = dist_matrix[current_pos, next_pos]\n",
    "            if current_time + travel_time > time_limit:\n",
    "                valid_path = False\n",
    "                break\n",
    "            current_time += travel_time\n",
    "            current_pos = next_pos\n",
    "        if valid_path and r > best_visited_count:\n",
    "            best_path = [start_index] + list(perm)\n",
    "            best_visited_count = r\n",
    "    if best_path:\n",
    "        break  # Found longest valid path\n",
    "\n",
    "# Convert indices back to point names\n",
    "optimal_path_names = [all_points[i]['name'] for i in best_path]\n",
    "optimal_path_names\n"
   ]
  },
  {
   "cell_type": "code",
   "execution_count": 17,
   "id": "bde8e57d",
   "metadata": {},
   "outputs": [],
   "source": [
    "from geopy.distance import geodesic\n",
    "from copy import deepcopy\n",
    "\n",
    "def estimate_time(p1, p2, speed_kmph=60):\n",
    "    distance_km = geodesic((p1['Latitude'], p1['Longitude']), (p2['Latitude'], p2['Longitude'])).km\n",
    "    return (distance_km / speed_kmph) * 60  # minutes\n",
    "\n",
    "class RouteOptimizerBB:\n",
    "    def __init__(self, points, start_point, speed=60, time_limit=480):\n",
    "        self.points = points\n",
    "        self.start = start_point\n",
    "        self.speed = speed\n",
    "        self.time_limit = time_limit\n",
    "        self.best_path = []\n",
    "        self.best_count = 0\n",
    "\n",
    "    def solve(self):\n",
    "        visited = set()\n",
    "        self._branch_and_bound(\n",
    "            current=self.start,\n",
    "            remaining=self.points,\n",
    "            path=[self.start],\n",
    "            time_spent=0,\n",
    "            visited_set=visited\n",
    "        )\n",
    "        return self.best_path[1:], self._calculate_total_time(self.best_path)\n",
    "\n",
    "    def _calculate_total_time(self, path):\n",
    "        total = 0\n",
    "        for i in range(len(path)-1):\n",
    "            total += estimate_time(path[i], path[i+1], self.speed)\n",
    "        return total\n",
    "\n",
    "    def _branch_and_bound(self, current, remaining, path, time_spent, visited_set):\n",
    "        if time_spent > self.time_limit:\n",
    "            return\n",
    "\n",
    "        if len(path) - 1 > self.best_count:\n",
    "            self.best_path = deepcopy(path)\n",
    "            self.best_count = len(path) - 1\n",
    "\n",
    "        for i, point in enumerate(remaining):\n",
    "            if point['name'] in visited_set:\n",
    "                continue\n",
    "\n",
    "            travel_time = estimate_time(current, point, self.speed)\n",
    "            new_time = time_spent + travel_time\n",
    "\n",
    "            if new_time <= self.time_limit:\n",
    "                visited_set.add(point['name'])\n",
    "                self._branch_and_bound(\n",
    "                    current=point,\n",
    "                    remaining=remaining[:i] + remaining[i+1:],\n",
    "                    path=path + [point],\n",
    "                    time_spent=new_time,\n",
    "                    visited_set=visited_set\n",
    "                )\n",
    "                visited_set.remove(point['name'])\n"
   ]
  },
  {
   "cell_type": "code",
   "execution_count": 3,
   "id": "c2fbe1e5",
   "metadata": {},
   "outputs": [
    {
     "data": {
      "text/plain": [
       "[{'name': 'Point A', 'Longitude': 3.122, 'Latitude': 36.6902},\n",
       " {'name': 'Point B', 'Longitude': 2.9917, 'Latitude': 36.6996},\n",
       " {'name': 'Point C', 'Longitude': 2.8939, 'Latitude': 36.7582},\n",
       " {'name': 'Point D', 'Longitude': 3.0998, 'Latitude': 36.7292},\n",
       " {'name': 'Point E', 'Longitude': 3.0992, 'Latitude': 36.7022},\n",
       " {'name': 'Point F', 'Longitude': 3.0502, 'Latitude': 36.7737},\n",
       " {'name': 'Point G', 'Longitude': 3.0309, 'Latitude': 36.735},\n",
       " {'name': 'Point H', 'Longitude': 2.9736, 'Latitude': 36.7482},\n",
       " {'name': 'Point I', 'Longitude': 2.9319, 'Latitude': 36.7563},\n",
       " {'name': 'Point J', 'Longitude': 3.1883, 'Latitude': 36.7037},\n",
       " {'name': 'Point K', 'Longitude': 3.0973, 'Latitude': 36.7867},\n",
       " {'name': 'Point L', 'Longitude': 2.9528, 'Latitude': 36.7701},\n",
       " {'name': 'Point M', 'Longitude': 3.1712, 'Latitude': 36.7648},\n",
       " {'name': 'Point N', 'Longitude': 2.9494, 'Latitude': 36.7466},\n",
       " {'name': 'Point O', 'Longitude': 3.1504, 'Latitude': 36.7287},\n",
       " {'name': 'Point P', 'Longitude': 2.9254, 'Latitude': 36.7792},\n",
       " {'name': 'Point Q', 'Longitude': 3.1402, 'Latitude': 36.7303},\n",
       " {'name': 'Point R', 'Longitude': 2.9361, 'Latitude': 36.7312},\n",
       " {'name': 'Point S', 'Longitude': 2.9491, 'Latitude': 36.7849},\n",
       " {'name': 'Point T', 'Longitude': 2.987, 'Latitude': 36.7869},\n",
       " {'name': 'Point U', 'Longitude': 3.1467, 'Latitude': 36.7892},\n",
       " {'name': 'Point V', 'Longitude': 2.946, 'Latitude': 36.7698},\n",
       " {'name': 'Point W', 'Longitude': 3.0307, 'Latitude': 36.7639},\n",
       " {'name': 'Point X', 'Longitude': 3.0863, 'Latitude': 36.7507},\n",
       " {'name': 'Point Y', 'Longitude': 2.8627, 'Latitude': 36.7097},\n",
       " {'name': 'Point Z', 'Longitude': 3.2053, 'Latitude': 36.7997},\n",
       " {'name': 'Point [', 'Longitude': 2.9034, 'Latitude': 36.7549},\n",
       " {'name': 'Point \\\\', 'Longitude': 3.0288, 'Latitude': 36.706},\n",
       " {'name': 'Point ]', 'Longitude': 3.158, 'Latitude': 36.7634},\n",
       " {'name': 'Point ^', 'Longitude': 3.202, 'Latitude': 36.7863},\n",
       " {'name': 'Point _', 'Longitude': 2.9866, 'Latitude': 36.7169},\n",
       " {'name': 'Point `', 'Longitude': 3.0835, 'Latitude': 36.747},\n",
       " {'name': 'Point a', 'Longitude': 3.2053, 'Latitude': 36.7674},\n",
       " {'name': 'Point b', 'Longitude': 2.8506, 'Latitude': 36.7897},\n",
       " {'name': 'Point c', 'Longitude': 3.0607, 'Latitude': 36.6932},\n",
       " {'name': 'Point d', 'Longitude': 3.2018, 'Latitude': 36.7659},\n",
       " {'name': 'Point e', 'Longitude': 3.1095, 'Latitude': 36.7848},\n",
       " {'name': 'Point f', 'Longitude': 3.0993, 'Latitude': 36.7716},\n",
       " {'name': 'Point g', 'Longitude': 3.0408, 'Latitude': 36.7022},\n",
       " {'name': 'Point h', 'Longitude': 3.1981, 'Latitude': 36.7492}]"
      ]
     },
     "execution_count": 3,
     "metadata": {},
     "output_type": "execute_result"
    }
   ],
   "source": [
    "import random\n",
    "\n",
    "# Define the bounds for the coordinates\n",
    "latitude_bounds = (36.69, 36.80)\n",
    "longitude_bounds = (2.85, 3.21)\n",
    "\n",
    "# Function to generate random points\n",
    "def generate_random_points(num_points):\n",
    "    points = []\n",
    "    for i in range(num_points):\n",
    "        latitude = round(random.uniform(latitude_bounds[0], latitude_bounds[1]), 4)\n",
    "        longitude = round(random.uniform(longitude_bounds[0], longitude_bounds[1]), 4)\n",
    "        points.append({\n",
    "            'name': f'Point {chr(65 + i)}',  # Letters A, B, C, ...\n",
    "            'Longitude': longitude,\n",
    "            'Latitude': latitude\n",
    "        })\n",
    "    return points\n",
    "\n",
    "# Generate 40 random points\n",
    "data_points = generate_random_points(40)\n",
    "data_points\n"
   ]
  },
  {
   "cell_type": "code",
   "execution_count": 8,
   "id": "6bcc545b",
   "metadata": {},
   "outputs": [
    {
     "name": "stdout",
     "output_type": "stream",
     "text": [
      "Best Path: [0, 20, 25, 19, 18, 24, 2, 37, 12, 9, 34, 30, 16, 15, 21, 11, 36, 31, 13, 7, 17, 23, 28, 39, 6, 35, 5, 27, 1, 26, 4, 14, 32, 22, 40, 38, 3, 8, 10, 33, 29]\n",
      "Total Time: 490.88882444523796\n",
      "Number of Points Visited: 40\n"
     ]
    }
   ],
   "source": [
    "import random\n",
    "import math\n",
    "import numpy as np\n",
    "\n",
    "# Helper: Haversine formula to compute distance between two lat/lon points\n",
    "def haversine(lon1, lat1, lon2, lat2):\n",
    "    R = 6371  # Earth radius in km\n",
    "    lon1, lat1, lon2, lat2 = map(math.radians, [lon1, lat1, lon2, lat2])\n",
    "    dlon, dlat = lon2 - lon1, lat2 - lat1\n",
    "    a = (math.sin(dlat / 2) ** 2 +\n",
    "         math.cos(lat1) * math.cos(lat2) * math.sin(dlon / 2) ** 2)\n",
    "    return R * 2 * math.asin(math.sqrt(a))\n",
    "\n",
    "# Setup\n",
    "speed_kmph = 60\n",
    "time_limit_minutes = 400\n",
    "\n",
    "\n",
    "start_point = {'name': 'Start', 'Longitude': 2.9, 'Latitude': 36.75}\n",
    "\n",
    "# Create a list of all points with the start at index 0\n",
    "points = [start_point] + data_points\n",
    "N = len(points)\n",
    "\n",
    "# Compute travel time matrix in minutes\n",
    "travel_time = np.zeros((N, N))\n",
    "for i in range(N):\n",
    "    for j in range(N):\n",
    "        if i != j:\n",
    "            dist = haversine(points[i]['Longitude'], points[i]['Latitude'],\n",
    "                             points[j]['Longitude'], points[j]['Latitude'])\n",
    "            time = (dist / speed_kmph) * 60  # in minutes\n",
    "            travel_time[i][j] = time\n",
    "\n",
    "# Helper: Calculate total travel time of a given path\n",
    "def calculate_total_time(path, travel_time):\n",
    "    total_time = 0\n",
    "    for i in range(len(path) - 1):\n",
    "        total_time += travel_time[path[i]][path[i + 1]]\n",
    "    return total_time\n",
    "\n",
    "# Simulated Annealing Function\n",
    "def simulated_annealing(travel_time, initial_temperature, cooling_rate, time_limit):\n",
    "    # Initialize with a random path (excluding start)\n",
    "    n = len(travel_time)\n",
    "    current_solution = list(range(1, n))  # Exclude the start point (index 0)\n",
    "    random.shuffle(current_solution)\n",
    "    current_solution = [0] + current_solution  # Add start point at the beginning\n",
    "    \n",
    "    current_cost = calculate_total_time(current_solution, travel_time)\n",
    "    \n",
    "    temperature = initial_temperature\n",
    "    \n",
    "    # Store the best solution found\n",
    "    best_solution = list(current_solution)\n",
    "    best_cost = current_cost\n",
    "    best_visited_points = len(current_solution)  # Number of points visited\n",
    "    \n",
    "    while temperature > 1:\n",
    "        # Create a neighboring solution by swapping two points\n",
    "        new_solution = list(current_solution)\n",
    "        i, j = random.sample(range(1, n), 2)  # Randomly pick two points to swap\n",
    "        new_solution[i], new_solution[j] = new_solution[j], new_solution[i]\n",
    "        \n",
    "        # Calculate new cost\n",
    "        new_cost = calculate_total_time(new_solution, travel_time)\n",
    "        \n",
    "        # Only accept the new solution if it's better or with a certain probability\n",
    "        if new_cost <= time_limit:\n",
    "            # Track the number of points visited\n",
    "            visited_points = len(set(new_solution))  # Count unique points visited\n",
    "            \n",
    "            if visited_points > best_visited_points:\n",
    "                best_solution = list(new_solution)\n",
    "                best_cost = new_cost\n",
    "                best_visited_points = visited_points\n",
    "            \n",
    "        elif random.uniform(0, 1) < math.exp((current_cost - new_cost) / temperature):\n",
    "            current_solution = list(new_solution)\n",
    "            current_cost = new_cost\n",
    "        \n",
    "        # Cooling down\n",
    "        temperature *= cooling_rate\n",
    "    \n",
    "    return best_solution, best_cost, best_visited_points\n",
    "\n",
    "# Setup parameters\n",
    "initial_temperature = 1000\n",
    "cooling_rate = 0.99\n",
    "time_limit = 480  # Minutes\n",
    "\n",
    "# Example usage\n",
    "best_solution, best_cost, best_visited_points = simulated_annealing(travel_time, initial_temperature, cooling_rate, time_limit)\n",
    "print(\"Best Path:\", best_solution)\n",
    "print(\"Total Time:\", best_cost)\n",
    "print(\"Number of Points Visited:\", best_visited_points-1)\n"
   ]
  }
 ],
 "metadata": {
  "kernelspec": {
   "display_name": "DM_ENV",
   "language": "python",
   "name": "python3"
  },
  "language_info": {
   "codemirror_mode": {
    "name": "ipython",
    "version": 3
   },
   "file_extension": ".py",
   "mimetype": "text/x-python",
   "name": "python",
   "nbconvert_exporter": "python",
   "pygments_lexer": "ipython3",
   "version": "3.11.11"
  }
 },
 "nbformat": 4,
 "nbformat_minor": 5
}
